 771.94, 1348.73
1048.99, 1417.49
 825.55, 1305.36
 884.85, 1333.42
 890.62, 1472.71
 963.96, 1255.38
1330.46, 1134.26
 883.  , 1481.43
 836.85, 1506.97
1056.54, 1288.86
1735.34, 1037.25
 710.78, 1426.74
 990.27, 1576.98
1008.15, 1230.52
 823.93, 1277.47
 769.11, 1552.66
1180.81, 1299.98
 826.11, 1384.68
 777.97, 1559.88
 739.95, 1426.93
1128.05, 1399.11
 909.75, 1408.54
1158.56, 1333.19
 840.63, 1525.82
1512.66, 1148.37
1247.63, 1034.19
 705.06, 1428.29
 678.57, 1452.66
1320.16,  929.53
 833.32, 1375.61
1051.22, 1154.67
 954.55, 1314.56
 713.51, 1482.19
1086.87, 1395.22
 940.54, 1404.09
 821.96, 1339.35
 250.11, 1332.52
 260.88, 1418.19
 270.34, 1383.45
 336.1 , 1329.34
 231.2 , 1352.66
 356.56, 1331.26
 258.31, 1392.45
 347.82, 1339.49
 382.59, 1281.27
 305.76, 1430.99
 240.52, 1425.46
 241.82, 1337.22
 270.55, 1388.23
 250.25, 1389.3 
 356.52, 1325.1 
 367.49, 1428.2 
 302.21, 1322.59
 397.55, 1360.86
 323.59, 1432.  
 404.04, 1481.3 
 342.16, 1303.15
 303.29, 1408.26
 415.91, 1338.2 
 228.4 , 1331.95
 315.31, 1403.32
 230.8 , 1366.54
 312.19, 1300.73
 337.63, 1377.37
 367.58, 1326.5 
 328.23, 1293.31
 250.57, 1450.05
 285.8 ,1361.6
 241.89, 1279.09
 334.13, 1319.28
 372.33, 1310.04
 397.57, 1466.66
 331.72, 1349.26
 324.95, 1388.85
 327.89, 1334.64
 395.49, 1363.87
 364.75, 1304.65
 232.32, 1400.86
 214.4 , 1356.92
 324.05, 1338.76
 309.92, 1451.51
 273.44, 1390.04
 301.34, 1304.21
 281.74, 1367.12
 269.71, 1334.09
 325.84, 1326.6 
 370.15, 1338.08
 320.41, 1361.2 
 347.24, 1334.87
 265.8 , 1336.98
 249.74, 1438.76
 272.  , 1400.14
 374.54, 1312.14
 297.63, 1416.88
 348.94, 1309.29
 492.18, 1059.83
1550.95,  973.69
612.69 ,978.76
 830.7 ,1041.1
 546.97, 1036.84
 603.01, 1041.85
 644.03, 1000.01
489.69 ,968.13
529.91 ,983.34
562.32 ,934.7 
1041.67, 1022.8 
1539.2 ,  973.92
921.28 ,960.77
 534.01, 1068.14
706.48 ,992.1 
 726.21, 1063.06
 565.62, 1129.57
 986.58, 1075.73
 760.93, 1035.55
832.37 ,989.83
 533.12, 1122.7 
 500.  , 1065.94
981.73 ,929.84
 533.56, 1094.25
1272.2 ,  849.38
 624.59, 1031.08
 644.07, 1092.71
1073.99,  949.2 
 763.06, 1027.19
581.63 ,992.42
 615.86, 1049.01
 622.52, 1016.24
 375.81, 1092.24
 441.07, 1120.2 
 442.36, 1054.14
 365.04, 1086.41
 508.04, 1104.41
 415.89, 1153.76
 451.18, 1032.8 
 401.2 , 1054.46
 508.4 , 1059.47
351.35 ,988.77
 427.78, 1172.31
 297.75, 1007.8 
 391.15, 1011.23
 318.06, 1046.63
368.37 ,978.6 
 475.76, 1090.66
 436.3 , 1087.72
 480.59, 1098.89
 487.44, 1048.21
 294.6 , 1099.13
 515.7 , 1116.44
 458.2 , 1101.61
 514.92, 1086.37
 482.38, 1055.76
 468.07, 1125.4 
 493.5 , 1082.51
 502.09, 1120.93
 374.83, 1118.57
 484.88, 1043.82
 445.06, 1013.4 
 447.64, 1029.82
 386.  , 1064.64
 421.35, 1011.21
 481.51, 1063.93
 445.4 , 1052.86
361.51 ,998.95
 452.53, 1046.36
 338.56, 1047.1 
 407.13, 1112.36
 455.88, 1077.85
 332.47, 1092.24
493.77 ,987.67
 322.29, 1018.21
 467.04, 1100.06
 460.98, 1053.  
 470.85, 1056.08
 394.99, 1075.78
 520.31, 1053.46
 443.41, 1145.35
 333.89, 1063.17
 504.36, 1110.2 
 446.38, 1069.38
 434.79, 1033.12
 430.95, 1118.21
 493.56, 1062.27
 370.  , 1049.86
 402.37, 1016.54
 427.2 , 1129.73
 424.77, 1110.18
 415.66, 1035.9 
 510.35, 1040.71
 432.27, 1073.02
 497.13, 1064.34
 434.38, 1064.41
 474.53, 1084.92
 380.81, 1046.27
 469.05, 1072.74
432.66 ,969.24
378.52 ,979.58
415.22 ,984.01
 333.41, 1106.02
 470.43, 1048.44
 441.47, 1102.21
 464.58, 1073.85
 470.24, 1101.83
 490.27, 1125.43
 364.92, 1075.95
 510.51, 1123.62
 498.96, 1058.32
 456.33, 1131.56
 378.55, 1039.76
 460.87, 1033.86
 492.72, 1006.76
 473.8 , 1015.56
 440.83, 1029.8 
 482.24, 1058.99
 506.88, 1046.37
 461.74, 1106.35
 462.09, 1075.43
 465.78, 1141.55
 509.5 , 1098.49
 405.65, 1173.52
 410.19, 1309.87
 324.49, 1215.12
 407.56, 1212.75
 282.63, 1154.81
 267.78, 1168.24
 292.49, 1238.73
 253.35, 1255.64
 240.87, 1418.08
 315.01, 1239.47
 260.2 , 1226.02
 285.61, 1188.59
 314.78, 1130.78
 319.2 , 1126.19
 356.37, 1217.69
 310.75, 1322.23
 224.86, 1236.63
 253.78, 1311.4 
 304.06, 1262.48
 359.03, 1201.62
 296.02, 1137.57
 202.49, 1127.7 
 303.55, 1135.21
 275.13, 1287.47
 189.51, 1249.14
 255.35, 1266.54
 358.06, 1249.39
 338.1 , 1163.65
 330.46, 1281.68
 210.75, 1258.91
 241.64, 1339.26
 391.88, 1215.52
 396.26, 1167.4 
 361.3 , 1215.93
 291.03, 1290.08
 347.89, 1092.55
 394.43, 1346.94
 369.96, 1305.15
 382.87, 1321.41
 386.6 , 1275.32
 305.46, 1176.97
 332.96, 1222.03
 364.44, 1254.36
 171.38, 1341.95
 256.46, 1235.46
 341.35, 1160.12
 254.11, 1344.67
 326.69, 1197.96
 327.66, 1158.77
 376.85, 1416.89
 250.52, 1297.72
 321.3 , 1334.69
 214.69, 1283.17
 382.72, 1182.54
 408.44, 1178.59
 346.72, 1204.32
 349.51, 1233.01
 364.63, 1217.95
 371.77, 1401.93
 357.07, 1241.73
 358.1 , 1266.58
 317.64, 1247.63
 231.32, 1309.51
 354.16, 1453.88
 398.61, 1352.17
 244.14, 1269.06
 254.24, 1271.97
 361.26, 1176.86
 342.57, 1275.76
 266.99, 1198.12
 382.83, 1108.18
 303.17, 1120.79
 239.33, 1151.02
 444.39, 1104.01
 326.33, 1122.46
 386.47, 1211.9 
 379.38, 1070.39
 263.91, 1121.2 
 347.69, 1103.2 
 404.49, 1065.96
 324.44, 1081.59
 416.26, 1055.65
 327.53, 1137.57
 358.74, 1083.11
 436.67, 1109.78
 277.12, 1179.67
 393.24, 1161.1 
 386.38, 1190.08
 323.23, 1063.06
 359.99, 1157.67
 338.84, 1146.44
 400.88, 1110.42
 276.01, 1126.34
 302.98, 1107.31
 344.48, 1112.15
 423.09, 1175.93
 269.58, 1085.17
 408.38, 1117.59
 381.84, 1129.91
 367.43, 1176.43
 336.13, 1123.17
 290.71, 1133.09
 430.72, 1118.52
 394.56, 1135.4 
 376.96, 1107.34
 410.93, 1168.74
 377.67, 1151.  
 391.68, 1109.46
 246.72, 1231.12
 302.07, 1120.98
 363.1 , 1161.21
 408.38, 1088.89
 376.28, 1145.21
 191.82, 1165.55
 280.92, 1079.78
 353.79, 1101.05
 291.44, 1162.14
 426.76, 1117.45
 346.15, 1126.27
 415.17, 1009.23
 440.65, 1102.26
 386.91, 1196.81
 370.22, 1202.96
 377.28, 1062.22
 340.32, 1085.16
 301.86, 1174.83
 636.36, 1464.82
 519.53, 1479.67
 564.03, 1512.29
 690.62, 1452.73
 598.88, 1484.82
 637.52, 1489.54
 607.54, 1560.85
 592.92, 1453.03
 565.77, 1380.82
 541.4 , 1463.04
 637.34, 1498.49
 641.29, 1463.33
 623.66, 1477.78
 536.  ,1464.6
 651.32, 1591.73
 726.4 ,1445.5
 768.67, 1540.18
 620.61, 1447.14
 680.33, 1488.04
 590.13, 1412.81
 626.  , 1418.86
 729.96, 1469.63
 577.24, 1436.56
 589.04, 1493.93
 604.49, 1510.2 
 581.62, 1386.31
 669.1 , 1562.52
 526.68, 1478.5 
 640.15, 1506.68
 666.41, 1473.53
 622.67, 1440.96
 720.06, 1423.68
 693.65, 1412.43
 683.62, 1536.35
 629.2 , 1603.73
 711.68, 1437.96
 545.14, 1387.74
 688.99, 1452.64
 672.06, 1373.75
 731.25, 1426.58
 635.68, 1563.74
 640.44, 1555.84
 575.64, 1596.59
 562.52, 1445.33
 607.05, 1423.55
 566.74, 1554.34
 614.37, 1428.95
 649.07, 1458.82
 559.67, 1476.06
 666.55, 1451.33
 636.73, 1406.11
 670.87, 1474.86
 626.96, 1429.44
 753.15, 1510.99
 665.19, 1506.64
 708.74, 1487.16
 632.28, 1457.51
 567.11, 1599.2 
 688.83, 1662.67
 635.04, 1466.3 
 546.29, 1435.11
 627.91, 1599.55
 637.03, 1617.36
 634.9 , 1511.54
 671.38, 1526.61
 637.19, 1549.76
 694.71, 1397.54
 615.06, 1470.86
 572.52, 1485.62
 624.32, 1433.96
 594.47, 1371.72
 666.33, 1398.34
 642.28, 1406.25
 581.3 , 1504.14
 670.28, 1384.16
 451.14, 1530.72
 423.95, 1480.  
 389.41, 1421.22
 271.08, 1546.44
 424.9 ,1419.2
 450.7 , 1489.41
 411.07, 1575.76
 398.56, 1415.32
 532.44, 1399.89
 556.33, 1365.03
 460.68, 1507.17
 286.95, 1461.25
 467.2 , 1397.57
 487.31, 1388.11
 519.21, 1512.7 
 470.41, 1375.86
 312.75, 1435.28
 356.03, 1385.99
 401.61, 1529.3 
 325.95, 1418.63
 404.16, 1571.77
 446.34, 1514.14
 507.42, 1443.09
 431.57, 1450.37
 469.87, 1383.75
 377.22, 1397.13
 544.16, 1354.99
 544.94, 1384.44
 431.87, 1401.3 
 458.94, 1380.46
 294.38, 1448.91
 526.3 ,1472.7
 430.34, 1519.02
 531.68, 1386.03
 399.9 , 1360.98
 434.83, 1445.76
 440.94, 1390.46
 404.88, 1581.58
 509.41, 1499.78
 442.14, 1551.46
 513.85, 1475.9 
 398.56, 1415.32
 478.  , 1339.42
 439.01, 1410.84
 380.46, 1396.5 
 485.1 , 1434.54
 473.89, 1445.34
 372.75, 1457.03
 411.65, 1389.65
 517.36, 1458.15
 544.85, 1402.7 
 499.08, 1472.86
 390.58, 1573.76
 432.42, 1378.65
 419.59, 1561.5 
 531.84, 1412.09
 369.79, 1353.96
 392.66, 1407.17
 553.36, 1538.87
 484.75, 1494.01
 309.09, 1446.07
 400.83, 1543.3 
 517.34, 1403.76
 370.63, 1511.51
 447.38, 1409.46
 463.17, 1476.48
 513.53, 1434.55
 396.99, 1423.43
 363.46, 1317.64
 559.03, 1343.74
 288.49, 1436.54
 476.25, 1397.93
 395.3 , 1365.17
 437.39, 1449.38
 512.64, 1469.38
 399.63, 1336.35
 352.68, 1449.65
 520.15, 1411.58
 477.52, 1499.21
 460.26, 1403.85
 382.18, 1411.07
 548.36, 1400.8 
 322.37, 1413.97
 476.19, 1518.37
 393.43, 1527.27
 502.93, 1409.51
 356.78, 1523.99
 500.68, 1439.59
 421.84, 1401.8 
 429.24, 1447.31
 520.84, 1510.92
 537.56, 1430.71
 481.99, 1440.49
 548.6 , 1502.79
 391.81, 1371.54
